5 12 12 0.png
0	1	d	4880	50000	0.5
1	1	f	15600	50000	0.5
2	1	j	15600	50000	0.5
3	1	k	15600	50000	0.5
4	0	a	27741	50000	0

0	0	d	16491
1	1	f	18366	20241
2	0	j	18366
3	0	k	22116
3	1	k	31491	33366
4	0	d	31491
2	1	j	35241	37116
4	0	f	35241
1	0	f	38991
4	0	j	38991
0	0	d	40866
4	0	k	40866

0	1	14000	16491	0.2
1	1	14000	16491	0.4
2	1	14000	16491	0.6
3	1	14000	16491	0.8
0	4	9000	6.png
0	4	25000	7.png
0	4	42803	8.png
4	1	27741	31491	0.2
4	1	31491	35241	0.4
4	1	35241	38991	0.6
4	1	38991	40866	0.8
4	1	40866	41000	1
