4 114 78 0.PNG
0	1	d	0	2000	0.2
1	1	f	0	2000	0.4
2	1	j	0	2000	0.6
3	1	k	0	2000	0.8
0	0	d	2479
1	0	f	2944
2	0	j	3402
3	0	k	3866
0	0	d	4325
0	0	d	4778
3	0	k	5242
3	0	k	5719
3	0	k	6165
2	0	j	6630
1	0	f	7088
0	0	d	7552
3	0	k	8011
3	0	k	8464
0	0	d	8928
0	0	d	9405
0	0	d	9851
1	0	f	10316
2	0	j	10774
3	0	k	11238
0	0	d	11697
0	0	d	12150
3	0	k	12614
3	0	k	13091
3	0	k	13543
2	0	j	14002
1	0	f	14455
0	0	d	14920
3	0	k	15383
3	0	k	15848
0	0	d	16309
0	0	d	16770
0	0	d	17231
1	0	f	17693
2	0	j	18155
3	0	k	18617
1	0	f	19079
1	0	f	19541
2	0	j	20003
2	0	j	20464
3	0	k	20926
2	0	j	21388
1	0	f	21850
0	0	d	22312
2	0	j	22774
2	0	j	23236
1	0	f	23698
1	0	f	24160
0	0	d	24622
2	0	j	25084
1	0	f	25546
3	0	k	26008
0	0	d	26469
1	0	f	26931
2	0	j	27393
3	0	k	27855
3	0	k	28317
1	0	f	28779
2	0	j	29241
0	0	d	29703
3	0	k	30165
2	0	j	30627
1	0	f	31089
0	0	d	31551
0	0	d	32013
0	0	d	32474
1	0	f	32936
1	0	f	33398
2	0	j	33860
2	0	j	34322
3	0	k	34784
3	0	k	35246
3	0	k	35708
3	0	k	36170
2	0	j	36632
2	0	j	37094
1	0	f	37556
1	0	f	38018
0	0	d	38479
0	0	d	38941
0	0	d	39403
2	0	j	39865
1	0	f	40327
3	0	k	40789
3	0	k	41251
1	0	f	41713
2	0	j	42175
0	0	d	42637
0	0	d	43099
3	0	k	43561
1	0	f	44023
2	0	j	44484
2	0	j	44946
1	0	f	45408
3	0	k	45870
0	0	d	46332
0	0	d	46794
0	0	d	47250
1	0	f	47718
1	0	f	48180
2	0	j	48633
2	0	j	49086
3	0	k	49558
3	0	k	50013
0	0	d	50496
1	0	f	50955
2	0	j	51425
3	0	k	51896
0	0	d	52350
3	0	k	52807
0	0	d	53275
1	0	f	53524
2	0	j	53723
3	0	k	53948
0	3	17231	17231	18	28	5
0	3	17461	17461	241	151	25
0	3	17692	17692	15	40	216
0	3	17923	17923	184	63	96
0	3	18154	18154	117	171	164
0	3	18385	18385	183	169	35
0	3	18616	18616	172	243	236
0	3	18847	18847	112	186	48
0	3	19078	19078	102	234	238
0	3	19309	19309	170	206	102
0	3	19540	19540	163	128	250
0	3	19771	19771	79	208	156
0	3	20002	20002	177	234	110
0	3	20233	20233	202	207	130
0	3	20464	20464	212	255	71
0	3	20695	20695	160	160	160
3	3	20926	20926	36	166	15
3	3	21157	21157	190	19	215
3	3	21388	21388	49	224	211
3	3	21619	21619	254	243	122
3	3	21850	21850	53	217	95
3	3	22081	22081	23	92	24
3	3	22312	22312	236	105	53
3	3	22543	22543	169	156	40
3	3	22774	22774	62	221	238
3	3	23005	23005	120	8	151
3	3	23236	23236	153	153	3
3	3	23467	23467	200	90	148
3	3	23698	23698	181	68	14
3	3	23929	23929	147	111	185
3	3	24160	24160	211	19	90
3	3	24391	24391	160	160	160
1	3	35015	35015	149	133	126
2	3	35015	35015	42	211	56
1	3	35246	35246	20	119	190
2	3	35246	35246	205	124	118
1	3	35476	35476	160	160	160
2	3	35476	35476	160	160	160
0	3	38710	38710	49	213	128
3	3	38710	38710	17	214	191
0	3	38941	38941	213	8	182
3	3	38941	38941	216	55	77
0	3	39172	39172	226	139	38
3	3	39172	39172	225	235	142
0	3	39403	39403	160	160	160
3	3	39865	39865	160	160	160
0	4	2467	1.PNG
0	4	4087	2.PNG
0	4	6157	3.PNG
0	4	8003	4.PNG
0	4	9851	5.PNG
0	4	12382	6.PNG
0	4	13543	7.PNG
0	4	15151	8.PNG
0	4	17231	0.PNG
0	4	29241	9.PNG
0	4	30164	10.PNG
0	4	30626	11.PNG
0	4	32012	12.PNG
0	4	32474	13.PNG
0	4	32936	14.PNG
0	4	33398	15.PNG
0	4	33860	16.PNG
0	4	34322	17.PNG
0	4	34784	18.PNG
0	4	35246	19.PNG
0	4	35707	20.PNG
0	4	36631	21.PNG
0	4	37093	22.PNG
0	4	37555	23.PNG
0	4	38017	24.PNG
0	4	38479	25.PNG
0	4	38941	26.PNG
0	4	39403	0.PNG
0	4	53275	27.PNG
0	4	53524	28.PNG
0	4	53723	29.PNG
0	4	53949	30.PNG