12 91 65 arcahv.jpg
0	1	d	3000	15000	0.2		180	238	180
1	1	f	3000	14081	0.4		180	238	180
2	1	j	3000	14081	0.6		180	238	180
3	1	k	3000	15000	0.8		180	238	180
4	0	a	3530	8808	0.1	0.03
5	0	a	9163	10228	0.1	0.03
6	0	a	10568	11624	0.9	0.03
7	0	a	14000	16196	-1	0.1
8	1	f	14000	22000	-1	0.1
9	1	j	14000	22000	-1	0.1
10	1	k	14000	22000	-1	0.1
11	1	d	17576	22000	0.2	0.05

0	0	d	3530
1	0	f	3900
0	0	d	4221
1	0	f	4602
0	0	d	4949
1	0	f	5300
0	0	d	5650
1	0	f	6002
0	0	d	6361
1	0	f	6705
0	0	d	7062
1	0	f	7414
0	0	d	7755
1	0	f	8105
0	0	d	8460
1	0	f	8808
3	0	k	3530
2	0	j	4221
3	0	k	4949
3	0	k	5300
3	0	k	5475
2	0	j	5650
2	0	j	6361
3	0	k	6705
2	0	j	7062
3	0	k	7414
2	0	j	7755
2	0	j	8105
3	0	k	8460
2	0	j	8808
0	0	d	9163
3	0	k	9163
2	0	j	9514
1	0	f	10053
2	0	j	10053
0	0	d	10228
0	0	d	10568
3	0	k	10568
1	0	f	10930
1	0	f	11448
2	0	j	11448
3	0	k	11624
0	0	d	11969
3	0	k	11969
0	0	d	12144
3	0	k	12144
0	0	d	12319
3	0	k	12319
2	0	j	12670
2	0	j	13034
0	1	d	13200	13381
3	1	k	13200	13381
1	0	f	13536
0	0	d	13728
3	0	k	13728
2	0	j	13904
0	0	d	14081
3	0	k	14081
0	0	d	14254
3	0	k	14254
0	0	d	14428
3	0	k	14428
0	0	d	14618
3	0	k	14618
7	0	f	15003
7	0	j	15146
7	0	k	15323
7	0	k	15659
7	0	j	15834
7	0	f	16006
8	0	f	16386
8	0	f	16534
8	0	f	16708
9	0	j	16883
9	0	j	17054
10	0	k	17233
9	0	j	17406
11	0	d	18292
8	0	f	18464
9	0	j	18642
10	1	k	18814	19890
9	0	j	19105
8	0	f	19340
11	0	d	19691
8	0	f	19691
8	0	f	19866
9	0	j	19866
8	0	f	20042
9	0	j	20042
9	0	j	20217
10	0	k	20217

4	1	3530	3900	0.9
4	1	3900	4221	0.1
4	1	4221	4602	0.9
4	1	4602	4949	0.1
4	1	4949	5300	0.9
4	1	5300	5650	0.1
4	1	5650	6002	0.9
4	1	6002	6361	0.1
4	1	6361	6705	0.9
4	1	6705	7062	0.1
4	1	7062	7414	0.9
4	1	7414	7755	0.1
4	1	7755	8105	0.9
4	1	8105	8460	0.1
4	1	8460	8808	0.9
5	1	9163	9514	0.9
5	1	9514	9879	0.85
5	1	9879	10053	0.8
5	1	10053	10228	0.9
6	1	10568	10930	0.1
6	1	10930	11272	0.15
6	1	11272	11448	0.2
6	1	11448	11624	0.1
0	3	11969	11969			191	62	255
0	3	12144	12144			255	255	255
0	3	12319	12319			180	48	38
3	3	11969	11969			191	62	255
3	3	12144	12144			255	255	255
3	3	12319	12319			180	48	38
1	1	14081	14081	-1
2	1	14801	14081	2
0	1	14630	14630	-1
3	1	14630	14630	2
7	1	14081	14081	0.2
8	1	14254	14254	0.35
9	1	14428	14428	0.5
10	1	14618	14618	0.65
7	2	14618	14788	0.05
8	2	14618	14788	0.07
9	2	14618	14788	0.07
10	2	14618	14788	0.07
7	1	14788	15003	0.35
7	1	15003	15146	0.5
7	1	15146	15323	0.65
7	1	15323	15491	0.8
7	1	15491	15659	0.65
7	1	15659	15834	0.5
7	1	15834	16006	0.35
7	1	16006	16196	0.2
8	1	17491	17576	0.2
9	1	17491	17576	0.2
10	1	17491	17576	0.2
8	2	17491	17576	0.05
9	2	17491	17576	0.05
10	2	17491	17576	0.05
8	1	17931	18292	0.3
9	1	17931	18292	0.5
10	1	17931	18292	0.7
8	1	17931	19691	0.4
9	1	17931	19691	0.6
10	1	17931	19691	0.8
8	2	18292	19691	0.1
9	2	18292	19691	0.1
10	2	18292	19691	0.1
11	2	18292	19691	0.1


