23 164 147 0.jpg
0	1	d	3000	15000	0.2		180	238	180
1	1	f	3000	14081	0.4		180	238	180
2	1	j	3000	14081	0.6		180	238	180
3	1	k	3000	15000	0.8		180	238	180
4	0	a	3530	8808	0.1	0.03
5	0	a	9163	10228	0.1	0.03
6	0	a	10568	11624	0.9	0.03
7	0	a	14000	16196	-1	0.1
8	1	f	14000	20240	-1	0.1
9	1	j	14000	20240	-1	0.1
10	1	k	14000	26182	-1	0.1
11	1	d	17576	30000	0.2	0.05
12	0	a	19892	21244	0.5	0.05
13	0	a	20069	21421	0.5	0.05
14	0	a	20239	21591	0.5	0.05
15	0	a	20592	21946	0.5	0.05
16	0	a	20761	22135	0.5	0.05
17	0	a	20934	22308	0.5	0.05
18	1	f	23199	31445	0.4	0.05
19	1	j	23199	31445	0.6	0.05
20	0	a	26005	27416	0.8	0.05
21	1	k	28806	37236	0.8	0.05
22	1	f	35613	37236	0.5	0.1

0	0	d	3530
1	0	f	3900
0	0	d	4221
1	0	f	4602
0	0	d	4949
1	0	f	5300
0	0	d	5650
1	0	f	6002
0	0	d	6361
1	0	f	6705
0	0	d	7062
1	0	f	7414
0	0	d	7755
1	0	f	8105
0	0	d	8460
1	0	f	8808
3	0	k	3530
2	0	j	4221
3	0	k	4949
3	0	k	5300
3	0	k	5475
2	0	j	5650
2	0	j	6361
3	0	k	6705
2	0	j	7062
3	0	k	7414
2	0	j	7755
2	0	j	8105
3	0	k	8460
2	0	j	8808
0	0	d	9163
3	0	k	9163
2	0	j	9514
1	0	f	10053
2	0	j	10053
0	0	d	10228
0	0	d	10568
3	0	k	10568
1	0	f	10930
1	0	f	11448
2	0	j	11448
3	0	k	11624
0	0	d	11969
3	0	k	11969
0	0	d	12144
3	0	k	12144
0	0	d	12319
3	0	k	12319
2	0	j	12670
2	0	j	13034
0	1	d	13200	13381
3	1	k	13200	13381
1	0	f	13536
0	0	d	13728
3	0	k	13728
2	0	j	13904
0	0	d	14081
3	0	k	14081
0	0	d	14254
3	0	k	14254
0	0	d	14428
3	0	k	14428
0	0	d	14618
3	0	k	14618
7	0	f	15003
7	0	j	15146
7	0	k	15323
7	0	k	15659
7	0	j	15834
7	0	f	16006
8	0	f	16386
8	0	f	16534
8	0	f	16708
9	0	j	16883
9	0	j	17054
10	0	k	17233
9	0	j	17406
11	0	d	18292
8	0	f	18464
9	0	j	18642
10	1	k	18814	18890
9	0	j	19105
8	0	f	19340
11	0	d	19691
8	0	f	19691
11	0	d	19866
8	0	f	19866
9	0	j	20042
10	0	k	20042
9	0	j	20217
10	0	k	20217
12	0	d	20568
13	0	k	20745
14	0	d	20915
15	0	k	21269
16	0	d	21448
17	0	k	21621
11	0	d	21978
10	0	k	22149
11	0	d	22323
10	1	k	22497	22671
11	0	d	22845
11	0	d	23569
18	0	f	23904
19	0	j	24432
19	0	j	24782
19	0	j	25134
11	0	d	25328
19	0	j	25417
18	0	f	25506
10	0	k	25595
11	0	d	25685
20	0	j	26182
20	0	f	26355
20	0	d	26534
20	0	d	26884
20	0	f	27058
20	0	j	27235
19	0	j	27585
19	0	j	27766
19	0	j	27931
18	0	f	28106
18	0	f	28292
11	0	d	28460
18	0	f	28633
21	0	k	29511
19	0	j	29694
18	0	f	29865
11	1	d	30040	30217
18	0	f	30395
19	0	j	30571
19	0	j	30918
21	0	k	30918
19	0	j	31087
21	0	k	31087
18	0	f	31270
11	0	d	31270
18	0	f	31445
11	0	d	31445
21	0	k	31804
21	0	k	31968
21	0	k	32151
11	0	d	32500
11	0	d	32670
11	0	d	32849
21	0	k	33210
21	0	k	33380
21	0	k	33561
11	1	d	33724	33902
21	0	d	34080
11	0	d	34244
11	0	d	34338
21	0	k	34433
11	1	d	34606	34859
21	1	k	35112	35362
22	1	f	35613	35812
21	0	k	36012
22	0	f	36201
22	0	f	36350
11	0	d	36535
22	0	f	36702
11	0	d	36881
22	0	f	37069
11	1	d	37236	40000

4	1	3530	3900	0.9
4	1	3900	4221	0.1
4	1	4221	4602	0.9
4	1	4602	4949	0.1
4	1	4949	5300	0.9
4	1	5300	5650	0.1
4	1	5650	6002	0.9
4	1	6002	6361	0.1
4	1	6361	6705	0.9
4	1	6705	7062	0.1
4	1	7062	7414	0.9
4	1	7414	7755	0.1
4	1	7755	8105	0.9
4	1	8105	8460	0.1
4	1	8460	8808	0.9
5	1	9163	9514	0.9
5	1	9514	9879	0.85
5	1	9879	10053	0.8
5	1	10053	10228	0.9
6	1	10568	10930	0.1
6	1	10930	11272	0.15
6	1	11272	11448	0.2
6	1	11448	11624	0.1
0	3	11969	11969	191	62	255
0	3	12144	12144	255	255	255
0	3	12319	12319	180	48	38
3	3	11969	11969	191	62	255
3	3	12144	12144	255	255	255
3	3	12319	12319	180	48	38
1	1	14081	14081	-1
2	1	14801	14081	2
0	1	14630	14630	-1
3	1	14630	14630	2
7	1	14081	14081	0.2
8	1	14254	14254	0.35
9	1	14428	14428	0.5
10	1	14618	14618	0.65
7	2	14618	14788	0.05
8	2	14618	14788	0.07
9	2	14618	14788	0.07
10	2	14618	14788	0.07
7	1	14788	15003	0.35
7	1	15003	15146	0.5
7	1	15146	15323	0.65
7	1	15323	15491	0.8
7	1	15491	15659	0.65
7	1	15659	15834	0.5
7	1	15834	16006	0.35
7	1	16006	16196	0.2
8	1	17491	17576	0.2
9	1	17491	17576	0.2
10	1	17491	17576	0.2
8	2	17491	17576	0.05
9	2	17491	17576	0.05
10	2	17491	17576	0.05
8	1	17931	18292	0.3
9	1	17931	18292	0.5
10	1	17931	18292	0.7
8	1	18292	19691	0.4
9	1	18292	19691	0.6
10	1	18292	19691	0.8
8	2	18292	19691	0.1
9	2	18292	19691	0.1
10	2	18292	19691	0.1
11	2	18292	19691	0.1
8	1	20230	20230	-1
9	1	20230	20230	2
10	2	20217	20568	0.07
11	2	20217	20568	0.07
12	1	19892	20568	0.2
13	1	20069	20745	0.8
14	1	20239	20915	0.2
15	1	20592	21269	0.8
16	1	20761	21448	0.2
17	1	20934	21621	0.8
12	1	20568	21244	-0.1
13	1	20745	21421	1.1
14	1	20915	21591	-0.1
15	1	21269	21946	1.1
16	1	21448	22135	-0.1
17	1	21621	22308	1.1
11	3	23569	23569	255	255	255
18	3	23904	23904	255	255	255
19	3	24432	24432	255	0	0
19	3	24782	24782	0	255	0
19	3	25134	25134	0	0	255
19	3	25328	25328	255	255	255
10	3	25685	25685	255	0	0
11	3	25685	25685	255	0	0
18	3	25685	25685	255	0	0
19	3	25685	25685	255	0	0
0	4	17576	black.jpg
0	4	17931	0.jpg
0	4	23569	1.jpg
0	4	23904	2.jpg
0	4	24432	3.jpg
0	4	24782	4.jpg
0	4	25134	5.jpg
0	4	25328	6.jpg
0	4	25685	7.jpg
0	4	26005	0.jpg
11	3	26005	26005	160	160	160
18	3	26005	26005	160	160	160
19	3	26005	26005	160	160	160
21	3	26005	26005	160	160	160
10	2	25328	25685	0.05
11	2	25328	25685	0.05
11	1	25685	26005	0.35
18	1	25685	26005	0.5
19	1	25685	26005	0.65
20	1	26005	26182	0.65
20	1	26182	26355	0.5
20	1	26355	26534	0.35
20	1	26534	26709	0.2
20	1	26709	26884	0.35
20	1	26884	27058	0.5
20	1	27058	27235	0.65
20	1	27235	27416	0.8
11	1	28720	28806	0.8
18	1	28720	28806	0.8
19	1	28720	28806	0.8
11	2	28720	28806	0.05
18	2	28720	28806	0.05
19	2	28720	28806	0.05
11	1	29164	29511	0.3
18	1	29164	29511	0.5
19	1	29164	29511	0.7
11	1	29511	30918	0.2
18	1	29511	30918	0.4
19	1	29511	30918	0.6
11	2	29511	30918	0.1
18	2	29511	30918	0.1
19	2	29511	30918	0.1
21	2	29511	30918	0.1
18	1	31445	31445	-0.1
19	1	31445	31445	1.1
11	3	34606	34606	255	0	0
21	3	35112	35112	255	0	0
22	3	35613	35613	255	0	0
11	1	37236	38000	0.5
11	2	37236	38000	0.3
0	4	28806	black.jpg
0	4	29164	0.jpg
0	4	34606	8.jpg
0	4	35112	9.jpg
0	4	35613	10.jpg
0	4	36012	0.jpg
